4294967278,32
4294967278,31
4294967278,30
4294967278,29
4294967278,388
4294967278,40
4294967278,39
4294967278,38
4294967278,37
4294967278,36
4294967278,35
4294967278,34
4294967278,33
4294967279,173
4294967278,381
4294967279,323
4294967278,171
4294967278,62
4294967278,61
4294967278,60
4294967278,59
4294967278,307
4294967278,378
4294967278,56
4294967278,55
4294967278,54
4294967278,53
4294967278,52
4294967278,51
4294967278,50
4294967278,49
4294967278,48
4294967278,47
4294967278,46
4294967278,45
4294967278,44
4294967278,43
4294967278,42
4294967278,41
4294967279,260
4294967279,87
4294967279,85
4294967279,82
4294967279,80
4294967279,79
4294967279,78
4294967279,77
4294967279,76
4294967279,74
4294967279,72
4294967279,71
4294967279,70
4294967279,67
4294967279,65
4294967279,64
4294967279,62
4294967279,61
4294967279,60
4294967279,55
4294967279,54
4294967279,53
4294967279,52
4294967279,50
4294967279,49
4294967279,47
4294967279,45
4294967279,44
4294967279,43
4294967279,42
4294967279,41
4294967279,39
4294967279,33
4294967279,30
4294967279,28
4294967279,25
4294967279,24
4294967279,23
4294967279,21
4294967279,14
4294967279,12
4294967279,10
4294967279,171
4294967278,58
4294967279,537
4294967278,57
4294967279,564
4294967279,168
4294967279,167
4294967279,166
4294967279,165
4294967279,164
4294967279,163
4294967279,162
4294967279,161
4294967279,160
4294967279,159
4294967279,158
4294967279,157
4294967279,155
4294967279,154
4294967279,153
4294967279,152
4294967279,40
4294967279,150
4294967294,437
4294967279,149
4294967279,148
4294967279,36
4294967279,288
4294967279,27
4294967279,35
4294967279,287
4294967279,530
4294967279,144
4294967279,32
4294967279,143
4294967279,528
4294967279,142
4294967279,141
4294967279,138
4294967279,140
90,5
90,4
4294967279,139
90,3
90,2
90,1
4294967279,557
4294967279,272
4294967279,136
4294967279,135
4294967279,134
4294967279,20
4294967279,133
88,4
4294967279,271
88,3
88,2
88,1
4294967279,269
4294967279,270
4294967279,17
4294967279,280
4294967279,18
4294967279,266
4294967279,573
87,6
4294967294,480
4294967279,16
4294967279,277
4294967279,278
4294967279,265
87,5
4294967279,263
87,4
4294967279,262
87,3
87,2
87,1
4294967294,89
4294967294,1417
4294967294,190
4294967294,1093
4294967294,1006
4294967294,1089
4294967294,163
4294967279,261
4294967279,257
4294967279,9
86,5
4294967279,256
4294967279,255
86,4
86,3
86,2
86,1
4294967279,254
4294967279,253
4294967278,335
4294967278,256
4294967278,349
4294967278,331
4294967278,254
4294967278,330
85,5
85,4
4294967278,328
85,3
85,2
85,1
4294967278,344
4294967294,468
4294967294,390
4294967294,424
4294967294,1000
4294967278,327
4294967278,248
4294967278,251
4294967278,249
84,5
4294967278,247
4294967278,244
84,4
84,3
84,2
84,1
4294967278,242
4294967278,240
4294967294,479
4294967278,239
4294967278,237
4294967278,235
4294967278,232
4294967278,231
4294967294,1101
4294967278,230
4294967294,1095
4294967294,17
4294967294,99
4294967294,76
4294967278,229
4294967278,227
4294967278,224
82,4
82,3
82,2
82,1
4294967278,222
0,7
4294967294,67
4294967278,221
4294967294,0
4294967294,388
4294967294,387
4294967294,392
4294967294,393
4294967294,46
4294967294,389
4294967294,44
4294967294,114
4294967294,115
4294967294,120
4294967279,285
4294967278,219
4294967278,217
4294967278,215
4294967294,476
4294967278,346
4294967279,326
4294967279,538
4294967279,0
4294967278,325
4294967294,53
4294967294,51
4294967294,45
4294967294,43
4294967294,42
4294967294,40
4294967294,41
4294967294,38
4294967294,37
4294967278,324
4294967294,107
4294967294,50
4294967294,91
4294967294,90
4294967294,88
4294967294,87
4294967294,86
4294967294,85
4294967294,84
4294967294,83
4294967294,409
4294967294,395
4294967294,29
4294967294,399
4294967294,186
4294967294,1001
4294967294,1419
4294967294,407
4294967294,385
4294967294,420
4294967294,179
4294967294,1175
4294967294,398
4294967294,1172
4294967294,167
4294967294,415
4294967294,444
4294967294,410
4294967294,1
4294967294,118
4294967294,109
4294967294,2
4294967294,1174
4294967294,28
4294967294,1017
4294967294,1173
4294967294,419
4294967294,1016
4294967294,27
4294967294,477
4294967294,1018
4294967294,26
4294967294,52
4294967294,427
4294967294,82
4294967294,36
4294967294,39
4294967294,436
4294967294,417
4294967294,478
4294967294,25
4294967294,96
4294967294,94
4294967294,9
4294967294,8
4294967294,7
4294967278,323
4294967294,6
4294967294,22
4294967294,93
4294967294,95
4294967294,81
4294967294,1098
